get : 1.9073486328125e-06
get : 1.0013580322265625e-05
get : 4.0531158447265625e-06
get : 2.1457672119140625e-06
